0 40 12.3509
6 0 7.97321
117 0 11.4543
26 0 13.6153
0 27 7.78448
49 0 16.3238
8 0 14.9203
15 0 21.4762
38 0 16.2682
9 0 9.18937
14 0 7.06202
13 0 7.06922
0 28 8.06117
116 87 29.8934
0 3 9.24236
0 145 12.6137
172 87 69.3882
87 160 9.66962
0 5 7.45576
100 87 10.1796
87 155 29.7696
87 110 7.43931
41 0 15.3453
1 0 8.40606
76 0 12.0058
90 87 14.7557
0 10 8.29836
0 61 12.7023
17 0 11.6225
0 35 17.5976
34 0 7.04202
142 87 12.4478
0 18 9.61563
266 260 7.79219
260 282 8.17512
4 0 6.55953
260 264 10.3736
0 21 18.0521
89 87 30.1884
260 254 7.38155
260 280 8.62116
87 107 16.3026
258 260 7.87617
274 260 6.73902
263 260 10.9323
253 260 8.44492
260 281 13.5611
0 42 14.6181
2 0 8.82825
0 44 18.3952
0 7 8.48927
260 257 11.6203
0 94 4.62805
87 154 7.90892
275 260 12.8192
0 11 15.0658
82 87 35.8072
164 87 16.3692
0 22 18.2599
77 0 8.56527
0 16 7.36696
191 0 10.5472
113 87 17.9649
87 84 33.8521
254 258 15.5867
125 104 8.68805
173 104 10.9633
104 179 7.96157
104 135 7.82666
231 104 6.98984
187 104 7.60447
115 104 11.346
0 88 14.4521
249 104 7.77433
102 104 10.7623
124 104 9.34295
203 104 17.3728
104 153 10.2368
0 43 13.7993
184 104 8.89113
0 24 23.0218
104 186 8.75933
223 104 8.4728
189 104 9.2668
257 254 10.4754
197 104 20.7586
110 104 11.7764
101 104 11.6261
104 88 10.1547
118 122 11.7978
122 145 18.5112
104 103 11.9287
98 87 27.4452
139 122 19.6426
256 254 18.4591
162 104 8.30985
276 279 11.7273
276 277 17.6567
96 104 12.5779
259 260 26.0158
174 122 10.5374
273 275 15.531
104 105 12.1076
264 273 14.6049
273 281 21.9073
104 204 11.1993
180 104 13.0225
254 246 11.2967
104 181 24.7526
122 146 18.6012
276 273 14.4766
0 12 37.307
261 260 17.5289
249 254 27.9865
58 54 10.3299
66 54 12.7047
101 54 21.5963
104 176 15.2844
54 88 14.351
255 254 26.9047
105 54 14.9341
49 54 24.1814
56 54 18.5256
216 272 26.0513
250 216 15.3925
270 273 14.041
240 216 11.3172
60 54 22.033
145 216 17.1363
0 39 22.3148
235 216 16.9499
81 54 22.4518
216 220 13.3295
0 81 17.9046
276 272 25.8959
0 57 16.8198
12 19 15.9459
33 19 22.8096
19 47 23.4208
42 19 17.7405
277 216 32.5108
19 73 14.5158
216 265 17.8215
276 216 25.95
19 20 13.1333
19 15 16.1616
276 278 34.4085
177 129 13.9482
19 45 19.6674
177 192 14.1733
195 177 13.9781
272 273 20.9906
145 177 36.7827
19 67 27.6684
94 106 33.6459
78 54 23.47
208 239 12.6798
50 51 16.4768
43 50 16.2124
50 69 25.9802
52 50 24.4307
216 218 27.8085
208 182 17.5426
177 230 11.529
238 217 11.1718
153 94 27.1743
217 170 15.111
50 55 15.1563
209 208 19.5686
253 217 17.3627
50 46 12.2265
217 214 22.4995
88 94 23.0523
217 242 23.5473
50 57 14.179
216 251 10.0452
213 208 50.5685
266 274 11.4177
165 156 21.2791
157 156 33.1978
257 217 48.5146
217 256 43.8467
167 156 20.6528
156 175 16.1015
72 111 18.1881
50 59 21.2577
217 255 13.6719
156 159 30.4879
72 69 21.4254
156 169 31.4935
71 72 16.2822
92 72 16.7851
223 249 14.2403
72 130 15.8965
267 266 53.1738
217 261 54.3415
48 30 17.0756
255 249 28.4433
217 263 65.1222
127 72 27.2088
26 30 27.0313
70 72 20.9843
30 31 18.6331
30 24 30.5305
191 145 37.9644
177 165 24.046
63 30 37.2177
217 249 16.0939
227 217 18.3819
217 226 26.1501
41 46 18.3774
55 46 15.4964
133 72 29.1942
104 121 18.7919
50 114 22.8595
19 25 28.1699
46 48 24.369
29 30 24.3252
156 210 40.7528
29 48 22.0888
29 53 16.4501
23 29 25.6418
46 51 20.7637
217 259 38.8297
30 33 24.2387
110 141 22.7117
168 156 49.3568
110 123 28.0565
97 72 22.8767
266 268 29.7391
72 126 36.7814
176 203 20.5821
62 46 21.5592
188 110 19.0484
110 162 8.92418
156 143 35.682
110 128 19.239
114 72 18.802
107 110 22.1777
46 80 35.1596
176 228 75.1595
94 176 16.9733
131 72 15.28
177 218 36.985
36 29 37.2922
156 196 85.7593
110 161 20.8518
110 102 18.2915
166 156 21.4413
46 71 36.3402
191 243 12.6039
241 150 19.0331
224 150 25.203
150 225 27.5357
110 164 14.8613
148 150 28.9993
193 150 24.0827
159 150 32.4157
150 221 20.3958
150 211 48.2822
150 199 23.7301
27 42 23.9542
150 248 23.8585
191 205 32.0381
194 110 36.6026
250 243 26.1298
200 150 16.8616
212 150 29.0397
149 150 29.0021
158 150 20.9013
22 29 52.4844
180 176 24
150 190 22.0244
206 150 29.5902
150 236 20.7958
73 93 46.4937
258 262 40.6679
32 0 44.825
265 272 26.2627
278 272 53.8527
129 165 34.8475
145 129 30.7484
137 129 29.6538
216 177 24.549
129 132 23.8403
219 150 31.0576
271 258 33.3565
150 168 30.4718
249 231 20.8899
90 100 29.2168
239 258 31.7145
217 223 20.665
68 74 41.5332
117 76 39.0997
110 108 27.8929
182 239 19.2399
127 129 31.5304
223 152 32.4895
73 89 31.492
75 74 31.7433
182 185 58.7836
113 100 27.5614
251 265 51.3101
100 120 24.8711
235 251 27.7324
209 182 19.3105
67 75 45.0664
67 68 43.901
71 83 38.7598
243 276 19.869
110 152 28.3584
176 258 20.5763
83 109 27.7006
83 148 33.5044
228 182 101.677
46 83 33.1782
97 83 23.962
129 163 31.3969
73 67 65.8432
265 264 38.6147
156 150 33.1181
83 80 27.4876
85 83 27.4192
83 87 35.9732
264 252 17.8177
83 130 32.6237
83 95 27.0858
129 72 57.4002
140 129 28.973
264 275 20.497
249 246 25.6237
129 157 30.1648
243 145 28.5164
150 238 29.4133
243 216 26.6724
179 152 32.3442
33 47 29.5582
68 64 31.906
91 75 27.4871
258 269 49.6464
15 33 20.4941
264 253 18.874
17 33 35.8065
29 32 63.753
251 247 24.8041
75 68 27.735
63 33 38.6989
158 160 32.8111
162 179 10.7568
39 49 30.292
190 160 38.2264
96 75 24.8848
86 33 53.3487
33 79 37.8365
38 39 27.3558
33 82 56.1033
35 39 34.5634
75 78 28.6997
179 186 21.9767
121 115 29.6486
72 83 25.0733
178 160 43.5687
265 270 28.4723
57 43 18.8704
258 246 19.8263
194 202 38.2269
41 43 28.3903
156 198 51.1175
40 28 15.1828
150 160 20.3026
105 88 14.2618
88 153 21.4644
270 264 25.5048
170 171 30.7283
102 96 28.5529
183 182 51.7904
43 44 36.6215
170 188 22.9789
271 239 40.2845
43 46 19.26
269 239 37.9244
134 152 34.4646
170 134 24.2689
148 87 34.0569
215 170 38.5754
129 156 59.603
128 134 29.6526
61 57 24.397
170 223 31.5586
170 152 24.7802
253 266 27.6907
25 20 34.8377
239 176 54.6639
134 141 29.9005
96 91 29.3841
230 165 37.0358
231 246 75.0059
244 239 33.4779
83 142 69.4826
170 194 45.9278
164 170 38.0918
170 211 43.8719
200 201 40.5558
161 134 27.547
150 214 41.9232
170 178 33.4198
167 166 28.9616
20 12 25.6107
65 33 32.6965
65 85 36.3103
151 134 37.9218
133 138 36.2313
119 57 37.9641
230 232 44.9443
227 170 16.1752
65 63 31.3578
231 239 51.1845
80 65 34.3229
93 91 51.8355
65 98 40.7263
262 239 32.3684
214 226 45.5748
169 167 29.4454
220 218 56.1383
239 213 26.3259
251 264 67.21
253 241 43.0592
102 91 17.6088
267 217 44.3487
65 116 67.0398
214 211 48.4773
231 197 52.0121
229 214 50.3272
200 212 22.8521
235 220 35.8068
144 83 44.6932
48 65 33.3316
112 65 59.5646
214 233 44.9868
200 219 44.4133
173 181 72.6356
123 134 44.0528
198 201 53.1895
172 170 31.7542
65 87 41.3954
110 89 50.4595
65 86 36.5621
220 234 38.1347
214 242 44.2495
223 179 14.5712
65 99 59.4338
266 263 25.7678
225 214 41.9774
15 20 43.3396
89 102 42.6231
12 14 50.5365
253 252 34.0227
82 65 55.7419
138 143 44.7891
170 222 47.2457
81 88 41.0446
35 38 34.3662
199 201 36.5436
138 130 45.2155
105 101 20.921
102 108 43.0028
145 195 51.0786
201 212 44.238
73 91 56.7278
152 162 33.7947
241 238 27.7533
77 61 25.8478
126 138 40.354
279 278 16.1966
146 129 50.6624
131 137 49.8885
238 214 24.9993
247 252 35.1221
88 106 30.9633
103 54 24.3397
14 42 16.5753
248 219 41.6819
131 136 55.2144
232 237 55.9838
103 101 25.2686
272 270 28.8571
119 50 45.5293
43 51 23.5193
76 118 66.4049
221 219 41.3608
118 136 39.1587
200 156 67.565
11 12 48.6915
147 118 44.4433
49 56 75.4516
153 180 22.5429
15 12 51.0486
119 61 58.223
39 56 48.7138
190 211 30.9538
238 253 17.7926
55 69 57.436
104 185 92.7822
207 190 48.5416
117 118 68.9177
69 46 19.6694
48 62 38.61
235 237 49.2205
193 190 46.1071
190 178 24.5649
247 156 31.6843
12 42 40.4162
247 235 35.6163
74 42 52.6083
40 41 47.8704
42 75 49.2406
113 90 34.3293
247 241 29.5133
119 118 54.5577
281 280 57.9991
133 126 54.519
127 133 42.4498
45 47 44.1004
42 64 59.9511
22 48 52.1449
26 24 48.9302
73 102 45.535
152 104 27.9969
9 44 36.3293
251 252 52.3396
17 31 54.1411
44 40 46.6135
158 87 23.6847
94 180 31.4019
63 48 36.2155
145 118 60.0487
252 241 52.563
129 133 33.751
102 93 50.0224
159 143 51.7472
70 71 45.5226
210 150 60.9798
143 148 47.0672
43 40 49.8125
172 171 33.1941
129 143 69.5562
258 244 56.8193
171 164 60.1327
263 261 61.331
143 144 56.8675
148 160 49.5037
148 158 31.3873
8 11 45.3749
49 81 45.2291
256 255 41.994
76 61 22.4006
42 78 56.4719
171 178 45.3328
148 142 50.1076
17 15 49.6296
212 199 24.4122
17 30 52.8308
243 277 33.8997
131 129 22.9401
22 41 46.3282
235 245 22.9796
83 143 83.9701
231 244 72.2296
107 89 70.059
275 280 52.8424
24 17 47.0946
60 39 61.0078
114 69 51.8701
198 199 46.2453
90 89 94.21
41 48 56.6272
78 60 29.0856
170 87 28.3897
143 149 49.3514
42 60 62.762
143 150 65.3197
148 149 57.6147
69 70 46.2537
211 229 63.7129
117 145 53.1518
78 103 64.2356
24 31 30.3786
164 188 24.8676
33 73 61.2816
215 194 63.9463
90 73 57.1306
145 147 55.3173
227 222 55.4306
205 145 52.2278
36 30 64.5564
79 65 34.0744
96 78 54.1634
96 103 46.3511
211 217 52.4761
136 146 71.3535
65 83 48.746
210 200 88.0131
194 134 51.9198
69 71 48.3301
82 84 64.2105
219 236 61.2686
146 137 61.4678
36 37 47.4485
196 150 120.636
84 73 52.2951
119 114 41.6401
228 239 72.8129
36 26 81.5351
46 22 27.8469
123 141 43.2526
275 281 46.6947
170 110 38.4267
221 224 76.4672
241 217 32.749
85 80 34.3799
114 136 29.5003
177 220 68.4265
213 182 62.2016
172 164 81.0114
71 97 36.6579
163 165 51.1182
267 263 60.9019
74 64 30.3454
213 197 116.04
23 32 77.3168
86 79 78.4519
161 151 65.0595
262 271 47.6875
128 151 56.9496
267 253 57.2109
155 178 41.5983
98 116 46.6579
250 145 43.7266
89 108 32.0637
245 156 49.9523
67 91 52.0664
35 60 62.347
104 54 32.7687
165 157 32.9016
32 36 107.945
232 235 67.3666
141 152 56.422
87 178 59.5105
178 211 34.737
194 161 59.2598
114 131 40.2456
247 150 45.3887
60 56 35.731
131 146 80.5907
232 165 36.0187
155 172 84.3077
252 150 45.095
220 230 80.9307
168 159 42.3421
76 122 36.9489
163 156 53.2273
248 236 37.2952
122 119 39.9654
244 262 40.648
231 213 71.323
126 130 73.8624
132 72 101.508
165 245 64.8464
246 244 71.8166
188 194 62.5135
134 110 46.6216
109 85 50.3419
136 122 54.9545
190 170 49.2343
163 157 62.1735
21 32 40.386
30 65 40.0267
148 144 104.194
203 228 40.3349
203 182 152.03
98 82 47.1917
110 151 53.5797
183 185 41.0263
128 123 49.4566
84 33 86.6325
21 23 90.5178
122 129 50.5512
169 168 56.9353
219 224 92.4765
259 257 67.562
132 127 91.8415
12 27 59.7596
26 37 94.0601
271 269 57.6161
80 48 65.2387
0 60 55.6028
22 21 45.4909
257 256 61.9178
12 8 58.8819
31 0 49.7195
197 182 103.926
122 195 55.1911
181 197 65.2847
150 253 47.4749
261 259 75.6709
87 73 56.5953
191 216 52.7139
82 86 79.2817
245 247 78.7215
147 122 49.0904
236 224 49.437
181 185 129.937
22 23 98.9043
84 90 62.2351
0 147 59.7221
37 0 119.973
122 177 51.2954
50 70 51.5618
215 202 61.5183
185 203 150.275
42 54 52.6682
67 64 82.888
67 42 87.9026
133 143 81.3593
118 114 72.2815
104 182 95.1762
39 54 57.8513
122 137 73.641
220 232 81.2107
76 119 77.9242
232 247 62.4115
150 201 64.6154
19 68 66.3809
158 83 67.1772
196 199 71.4033
46 65 73.0467
217 222 72.4514
134 179 72.8302
23 0 91.9084
109 65 75.7549
198 196 119.926
181 182 136.951
0 29 76.8086
170 155 97.9352
156 201 107.925
165 235 92.1956
200 198 113.426
110 202 95.5511
118 131 94.4655
117 147 91.2848
104 213 101.027
251 241 120.647
32 37 96.7417
235 230 97.5308
130 143 117.561
197 239 106.893
237 230 111.844
182 176 133.891
181 183 153.466
185 173 139.926
36 0 180.182
183 173 201.694
